447024
729519
731788
733275
733887
738820
741321
741529
742053
744765
745090
745691
745696
749709
750963
752265
753475
756617
756938
761873
763641
767392
768226
778922
782380
782784
783149
783641
783645
783706
786163
786857
787514
788205
788258
788269
790261
792737
792874
793054
793379
794266
794635
794944
799006
801622
802416
804144
805384
814165
815531
818296
819153
819565
821406
821422
821490
821651
823202
825380
825675
829690
829921
836394
836625
837790
839373
841391
844915
852108
852325
855343
858180
863350
863856
863905
865610
867034
868239
868288
868590
871612
871613
875095
875442
875497
876166
878139
878148
878829
884589
887132
889507
899389
901967
902683
903517
903993
904122
904144
904429
909697
910100
910229
911779
911917
912789
913732
913733
913926
915196
916015
916381
917576
917595
917607
917608
920538
924615
925580
927690
927693
928482
930949
931678
934237
934399
937613
937695
938578
941275
943247
943864
946459
946849
947662
949555
949979
950066
950080
950082
950083
950084
950085
950086
950159
952710
952755
953941
954931
955443
958317
960430
963647
963659
963661
964440
970274
970309
970700
971016
971284
972078
972936
975426
976093
976832
978001
979562
980892
980893
981520
982860
984719
985189
985333
986697
988194
988391
988399
988432
988786
989150
990705
992155
992849
992853
992854
994444
994802
996347
999053
1000182
1000185
1005838
1006405
1009099
1009335
1009450
1009451
1010995
1011127
1011128
1012111
1013580
1013867
1013933
1013968
1015111
1015555
1019057
1020609
1023182
1023397
1023850
1024476
1024773
1024941
1027363
1029198
1029272
1030044
1034005
1034949
1034956
1035051
1036265
1037169
1041483
1050736
1050738
1050748
1051146
1051565
1051569
1051583
1054247
1054297
1055555
1056847
1058871
1062761
1063264
1065673
1066000
1066199
1066223
1066691
1073871
1074075
1074318
1075113
1075471
1086443
1087259
1088593
1089493
1092259
1092558
1093921
1094415
1094773
1094782
1095347
1095732
1096558
1097533
1097600
1098636
1099787
1099957
1101548
1104407
1109849
1111067
1111617
1111650
1111821
1115935
1117415
1117708
1118312
1119516
1119545
1121946
1126513
1128390
1129368
1131412
1131925
1133069
1150687
1152497
1152965
1155708
1156555
1157424
1159695
1161086
1162041
1165699
1170336
1173290
1177391
1178284
1179394
1181968
1183996
1184056
1184434
1184455
1186075
1186841
1189896
1192135
1194330
1195058
1197137
1199394
1200016
1201042
1201116
1202076
1202666
1205180
1205325
1205668
1205903
1206551
1207837
1207978
1208013
1208111
1209600
1210720
1210941
1212394
1213351
1216381
1217151
1219809
1220232
1221987
1223909
1226865
1226866
1227471
1227711
1229191
1229288
1230920
1231210
1235340
1235344
1235811
1236933
1237044
1237799
1237832
1241904
1243193
1244014
1244128
1245512
1245732
1246039
1246530
1249170
1249181
1249227
1250192
1250202
1256234
1257173
1257748
1258229
1258513
1263613
1264114
1264117
1264181
1265061
1265108
1265402
1265942
1266854
1267564
1268135
1268206
1268207
1272088
1274457
1274737
1275840
1277380
1277582
1277997
1278102
1278366
1278593
1284094
1286576
1288367
1288855
1289305
1289769
1292995
1293967
1296807
1297617
1297659
1297661
1297663
1298251
1299797
1299810
1299814
1300311
1302951
1304090
1304316
1304325
1304327
1304328
1304329
1304438
1305257
1305653
1306861
1306909
1309040
1309662
1309912
1309999
1311720
1312998
1316090
1316397
1316399
1316400
1316402
1316404
1316410
1318461
1322207
1322208
1322704
1322802
1323010
1323726
1325209
1325878
1326637
1326651
1331885
1331888
1332372
1332526
1333547
1335257
1337461
1341122
1342025
1344391
1344814
1347742
1348041
1351172
1351174
1351176
1352439
1352901
1352905
1355899
1357969
1359856
1359952
1360668
1361290
1363382
1363680
1364700
1365154
1367166
1368241
1373504
1374145
1375452
1375460
1375465
1376051
1376852
1377703
1378245
1378254
1380754
1380755
1381290
1383846
1383893
1384496
1385846
1386090
1386655
1387229
1390718
1390720
1390877
1392526
1393179
1393186
1394747
1394749
1395001
1397642
1398168
1398330
1401815
1401955
1403002
1403041
1403802
1406060
1408987
1409159
1411313
1411345
1413592
1414879
1415626
1418526
1418902
1420936
1422948
1425620
1425854
1426665
1429590
1429607
1429608
1430212
1431692
1431941
1433504
1442031
1442215
1443287
1444870
1446096
1448218
1448792
1450252
1451773
1453980
1454028
1454044
1455204
1456471
1459024
1461072
1461381
1461761
1462372
1463075
1463251
1465460
1465771
1467217
1467293
1472681
1473244
1473538
1475100
1478448
1479150
1479356
1482976
1486643
1487253
1487681
1489662
1493214
1493310
1493312
1493316
1494176
1494930
1496160
1497786
1501676
1503733
1504904
1508126
1508214
1508280
1512063
1512098
1512368
1513093
1514738
1515630
1518499
1518984
1519855
1522957
1524935
1525402
1529946
1538376
1538784
1540150
1542232
1546211
1546878
1548084
1548850
1549369
1552384
1552415
1556499
1557234
1557787
1558139
1559088
1559314
1559407
1559575
1559590
1559790
1559945
1562740
1563401
1563596
1564104
1564791
1565344
1565714
1565841
1566605
1567022
1567023
1567233
1567811
1569610
1570756
1571596
1572456
1574222
1574376
1575903
1576516
1578949
1582567
1582598
1582602
1583237
1583238
1584324
1585584
1585854
1586186
1586343
1587708
1588000
1590030
1590061
1590305
1590751
1590759
1590769
1591589
1591660
1592715
1594475
1595217
1596487
1597116
1597119
1600926
1601368
1601527
1602672
1602944
1605403
1607277
1613480
1614895
1615081
1615968
1617610
1617612
1618540
1618753
1619340
1621879
1625536
1625937
1626168
1626285
1626699
1626763
1629294
1630890
1631610
1632443
1632752
1636386
1636395
1639723
1639872
1639875
1639989
1641196
1641287
1642089
1642231
1643053
1643742
1648663
1648914
1651333
1652408
1653242
1653996
1655608
1656505
1658714
1659459
1659587
1661483
1665026
1665203
1666166
1668118
1668264
1670916
1670952
1670959
1670963
1671638
1672297
1675966
1675978
1675988
1676144
1676314
1676732
1676940
1677301
1679099
1679540
1679600
1679966
1683790
1684586
1687161
1687555
1689176
1689212
1689779
1691327
1692572
1694547
1697166
1697323
1697544
1700762
1700893
1703213
1704454
1705816
1706592
1707391
1707511
1708661
1709295
1710306
1710869
1710871
1710983
1711230
1711592
1711737
1711742
1712049
1712669
1712777
1713381
1713457
1714548
1715277
1716082
1716090
1717124
1717299
1717304
1717961
1718449
1719211
1720709
1723204
1723213
1723219
1723752
1724303
1725531
1725595
1726019
1726422
1726877
1726972
1728432
1730592
1732517
1733596
1734385
1739314
1740215
1741512
1741837
1741956
1741959
1742865
1744350
1744382
1746732
1747474
1747878
1747927
1748198
1749266
1750308
1751043
1752298
1753058
1753878
1756110
1756394
1756630
1758296
1758340
1758860
1762427
1762665
1763203
1763500
1764839
1766868
1767325
1767644
1768756
1769485
1769494
1770497
1772998
1772999
1774218
1774963
1777296
1779655
1780374
1780397
1781012
1781139
1781149
1781427
1781560
1781707
1781737
1783111
1783808
1784394
1784532
1785064
1785521
1786227
1787585
1787942
1787971
1789192
1789656
1790002
1790134
1790184
1792569
1795104
1795296
1795743
1797811
1798131
1799645
1800034
1800315
1802033
1803074
1803319
1803453
1806073
1807412
1808926
1808962
1809686
1809760
1810575
1810995
1811477
1812689
1815301
1817355
1817945
1817965
1820325
1820383
1820686
1820887
1821443
1821874
1822076
1823393
1823706
1827265
1827487
1827491
1828496
1829571
1829578
1830248
1830948
1831026
1834582
1836083
1836792
1836854
1837088
1837800
1838785
1842029
1843776
1844465
1845804
1845840
1845845
1845854
1847850
1848329
1849050
1849879
1850448
1850910
1851549
1851705
1851769
1852281
1852883
1852886
1853718
1853722
1854311
1854346
1854565
1854975
1854983
1855200
1855872
1856937
1857295
1857847
1859225
1861732
1862396
1862736
1862867
1863162
1863501
1863738
1864983
1866431
1866438
1866442
1867634
1867637
1868255
1868582
1869556
1870868
1872606
1873032
1873517
1874119
1876423
1876506
1876677
1877194
1878506
1879796
1879889
1879895
1883088
1884196
1884208
1884221
1884250
1884264
1884284
1884375
1884404
1884587
1887645
1887748
1887771
1888876
1889344
1889358
1889383
1890442
1890455
1891438
1892847
1895080
1895544
1895750
1896312
1896370
1896614
1896941
1897047
1897464
1897666
1899383
1899928
1900051
1900185
1901011
1901027
1901681
1901945
1903145
1904125
1907216
1909613
1910962
1911474
1911961
1913340
1913655
1914332
1914434
1914829
1915627
1918305
1919659
1919676
1919684
1919692
1920882
1921171
1921890
1922104
1922776
1923134
1923252
1923379
1923694
1924072
1925018
1926289
1926401
1927755
1927758
1927861
1928464
1928837
1929502
1929876
1931231
1932825
1933033
1935060
1935203
1944251
1944253
1946518
1946843
1951126
1952991
1954400
1960729
1961167
1964766
1965511
1965766
1966292
1967049
1968022
1968028
1968648
1968670
1968705
1968945
1969303
1971373
1971407
1973039
1975675
1976334
1978574
1980125
1980530
1981314
1981321
1982305
1983632
1984985
1985448
1985821
1987016
1987482
1988341
1988958
1988961
1989863
1989873
1990473
1991695
1994179
1995076
1995086
1995103
1997698
1998469
1999298
2000133
2000796
2000797
2001206
2003606
2003856
2004475
2004828
2005331
2005575
2005912
2006182
2007734
2008730
2009164
2010895
2012115
2013867
2014267
2014525
2014984
2015987
2017086
2018459
2018695
2019523
2019807
2020070
2020074
2020082
2020089
2020093
2020098
2020104
2020111
2020115
2020123
2020136
2025183
2026427
2026538
2028970
2028971
2029981
2032709
2033800
2035982
2036793
2037667
2038792
2041428
2041706
2041750
2043777
2045217
2045278
2045538
2046180
2046182
2047482
2047523
2047524
2047623
2048204
2048227
2048295
2048296
2048297
2048298
2048299
2048300
2048301
2048302
2048304
2048305
2048860
2049038
2049643
2049648
2050736
2052095
2052407
2052983
2055902
2056541
2058152
2058241
2058460
2058618
2060179
2061076
2061078
2061083
2061495
2061834
2062878
2062969
2063297
2064818
2065022
2065026
2070673
2071135
2071358
2071367
2073980
2075530
2075714
2076270
2076868
2076960
2077317
2078319
2078448
2079140
2081817
2082248
2082255
2083053
2083500
2084974
2085457
2085703
2085704
2087293
2088623
2089320
2090069
2090070
2090625
2091049
2091449
2091501
2091691
2091755
2092118
2092422
2092675
2093840
2095282
2096519
2096621
2097994
2099660
2099779
2099781
2099783
2100843
2100896
2101494
2101536
2102357
2103259
2103770
2103960
2104087
2104863
2105237
2106063
2106944
2107655
2108765
2109441
2110162
2110577
2111610
2112088
2112089
2112910
2113000
2113577
2114765
2116001
2116041
2118608
2118741
2118742
2118744
2118745
2118746
2118747
2118748
2119396
2119418
2120298
2120299
2120300
2120302
2120421
2120449
2120578
2122303
2122808
2123201
2123319
2123320
2124075
2124336
2124690
2126010
2126071
2126928
2132435
2133008
2133360
2133370
2133846
2133918
2135106
2135284
2136050
2137103
2138702
2138745
2141129
2141203
2141549
2141572
2142582
2142583
2142942
2145052
2146524
2151335
2151381
2151801
2151802
2152730
2152951
2153447
2154388
2155298
2157517
2158000
2159088
2162830
2162890
2162931
2162994
2163410
2164557
2164559
2165075
2165621
2165774
2165982
2166209
2167010
2169837
2169876
2169880
2171090
2171091
2172029
2173476
2175334
2179015
2179101
2180647
2181520
2182541
2183111
2183190
2185344
2185655
2186092
2186193
2186839
2189479
2191516
2192849
2192873
2192887
2194124
2194298
2195114
2196021
2198015
2198230
2199583
2199704
2200591
2201420
2205652
2206459
2206984
2207088
2207703
2208919
2208920
2208950
2209421
2209422
2209798
2210036
2210746
2211396
2213174
2213175
2213176
2213177
2213178
2213191
2213777
2215279
2216980
2217372
2218453
2218461
2220659
2222768
2223943
2227464
2227507
2229466
2229467
2229934
2231401
2232186
2233032
2233243
2234320
2234369
2235240
2235365
2235366
2235843
2236927
2237829
2238894
2239045
2239797
2239814
2239902
2240207
2240325
2241067
2241156
2241637
2241705
2241904
2242267
2242682
2243264
2243977
2244320
2248069
2248137
2248231
2248548
2248559
2248566
2249926
2249927
2251046
2251665
2251931
2252274
2253450
2253880
2253918
2253942
2254915
2254918
2256136
2256642
2256924
2257247
2257973
2257974
2258432
2261069
2261405
2261481
2261845
2262744
2262745
2262746
2263740
2263750
2264511
2266088
2266341
2266957
2267323
2267481
2267772
2267775
2268444
2268478
2269764
2270421
2270422
2270700
2272989
2273549
2274817
2275026
2276332
2276832
2277099
2277206
2277559
2277929
2277961
2278319
2278963
2279363
2279495
2279805
2280397
2280429
2280491
2280499
2281037
2281085
2281467
2281537
2282972
2283087
2284434
2285494
2285534
2286443
2287391
2287392
2287394
2287397
2287433
2287576
2289271
2289795
2289866
2291001
2291164
2292126
2293172
2294031
2294077
2294751
2295618
2296395
2296442
2297049
2297502
2297503
2297635
2298062
2298148
2298496
2299264
2299784
2299954
2300347
2300867
2301433
2302067
2302090
2302751
2303273
2303467
2303540
2303608
2304152
2304873
2304953
2304958
2306524
2307036
2307268
2307633
2308082
2309600
2309775
2311554
2311556
2311557
2311652
2311736
2312195
2312196
2314701
2315684
2316328
2316616
2316618
2317611
2317685
2318191
2318194
2318327
2318539
2322246
2322469
2322981
2326043
2326635
2328026
2328149
2329053
2329387
2330596
2330598
2331028
2331077
2331081
2331739
2332497
2332502
2334115
2334116
2334877
2334882
2335036
2335217
2335498
2335729
2335749
2336099
2336439
2336573
2336603
2336854
2338484
2339529
2342523
2342974
2343207
2343824
2343896
2348755
2348844
2349688
2350807
2351307
2352288
2352584
2352655
2352842
2352855
2353465
2354060
2354195
2354400
2354865
2354877
2354880
2354881
2354903
2355086
2356530
2356683
2357143
2357144
2357276
2358086
2359670
2360310
2361229
2361230
2361231
2361378
2361657
2361665
2361681
2361734
2361773
2362044
2362578
2362885
2363322
2363498
2363578
2363754
2363773
2364031
2364510
2364842
2364867
2365417
2370116
2370283
2370285
2371841
2372584
2372642
2372981
2373218
2373425
2373688
2373742
2373982
2374131
2374586
2374622
2375495
2376654
2376828
2377081
2377587
2378014
2380944
2381003
2381206
2381208
2381211
2381276
2381684
2381686
2382005
2382422
2382594
2383220
2386121
2387417
2388628
2388994
2389275
2389292
2389340
2389628
2390387
2390458
2390675
2390737
2390761
2393564
2395339
2395721
2396773
2397175
2397198
2398553
2399777
2400529
2400696
2400938
2400940
2400941
2401569
2401967
2402871
2403107
2403738
2403869
2403912
2404662
2405296
2405819
2407624
2407878
2410267
2410270
2410274
2410278
2410284
2410287
2410290
2410292
2410294
2411219
2411241
2411960
2414562
2415448
2415611
2416367
2416434
2417527
2417662
2417691
2417762
2418938
2419111
2419811
2419815
2419818
2420069
2420613
2420957
2422601
2422635
2423055
2423089
2423266
2424528
2425007
2425143
2425495
2425805
2425877
2425937
2426141
2427719
2428084
2428099
2428298
2428299
2428300
2428617
2428622
2429186
2429799
2429827
2431278
2431844
2431845
2431846
2432329
2432841
2433155
2433237
2433298
2434019
2435107
2435817
2438013
2440600
2440639
2440702
2442494
2443246
2446614
2446898
2447010
2447191
2447192
2448002
2448077
2448586
2448652
2448656
2448657
2448659
2449016
2449881
2450172
2451170
2451497
2451712
2451792
2452455
2454055
2454063
2454523
2454829
2455466
2455858
2455865
2456230
2456269
2456947
2457307
2457344
2457371
2457582
2458027
2458383
2458400
2458422
2459203
2460012
2460013
2460912
2461045
2461678
2462160
2462704
2462835
2462906
2462958
2463354
2463358
2463485
2463550
2464403
2466664
2466694
2467467
2468160
2469665
2471274
2472009
2472253
2472264
2472272
2473294
2474979
2475729
2475730
2475731
2476153
2476653
2476655
2476656
2476657
2476658
2476659
2476661
2476663
2476664
2476665
2476667
2476668
2477147
2478343
2478935
2478936
2478941
2479209
2479256
2479258
2480423
2480439
2481051
2481052
2481053
2482104
2484348
2485283
2485294
2485469
2486173
2486195
2486196
2486197
2486249
2486855
2487453
2487780
2487885
2488978
2489140
2489329
2489515
2489584
2489620
2489941
2490451
2490556
2490777
2490807
2490809
2490918
2490972
2490989
2491078
2491131
2491340
2491371
2491764
2492281
2492283
2492360
2492397
2492408
2492413
2492416
2492419
2493239
2493253
2493598
2493740
2493979
2493980
2493981
2493999
2494571
2494786
2494812
2494882
2494904
2495011
2495104
2495690
2495987
2496083
2496092
2496139
2496218
2497004
2497569
2497571
2497574
2497720
2497825
2497976
2498092
2498969
2499092
2499133
2499722
2499794
2499884
2499979
2500730
2500803
2501227
2501228
2501230
2501231
2501233
2501234
2501343
2501351
2501403
2501474
2501488
2501544
2501558
2501619
2501630
2501640
2501660
2501664
2501670
2502421
2502916
2503295
2503556
2503922
2504683
2504685
2505239
2505510
2505889
2505895
2506213
2506517
2506600
2506618
2507495
2507498
2507500
2507697
2508105
2508250
2508421
2509044
2509600
2510613
2510833
2511527
2511529
2511530
2511960
2512013
2512687
2513132
2513481
2513744
2513897
2514158
2514462
2514528
2514919
2515425
2515459
2515488
2515737
2515978
2516281
2516567
2516691
2517235
2517580
2517607
2517772
2518255
2518259
2518267
2518270
2518274
2518280
2518297
2518442
2518447
2518663
2518710
2518733
2518760
2518795
2518858
2519195
2519627
2519639
2519642
2520210
2520405
2520406
2521547
2521602
2521603
2521604
2521605
2521606
2521607
2522378
2522405
2522407
2522779
2522924
2523057
2523132
2523133
2523134
2523136
2523137
2523184
2523209
2523261
2523442
2524103
2524104
2524105
2524108
2524109
2525484
2527163
2528007
2528280
2528503
2529086
2530060
2530168
2531195
2531280
2531459
2532593
2535399
2536327
2536887
2537288
2537767
2537974
2539181
2540119
2540146
2540161
2540656
2541027
2541206
2542128
2542407
2543655
2545543
2546631
2547434
2548049
2548990
2549123
2550052
2552612
2552659
2553001
2553002
2553003
2553004
2553370
2553376
2553379
2554245
2554260
2554266
2554279
2554291
2555050
2555330
2556320
2556335
2556475
2556654
2556657
2558116
2558535
2559115
2559259
2559525
2559618
2559628
2559643
2559966
2560104
2560623
2560657
2561990
2562694
2563054
2563305
2563368
2563369
2563472
2563495
2566922
2567226
2568988
2569046
2569151
2571725
2572081
2573244
2573677
2575371
2576019
2576289
2576290
2576914
2577512
2577868
2578786
2578790
2578984
2578990
2579002
2579293
2579294
2579759
2581090
2581690
2582832
2582837
2583135
2583340
2583434
2583436
2583439
2583549
2583550
2583554
2584001
2584104
2584142
2584143
2584317
2584441
2584589
2584608
2585268
2585297
2585504
2585542
2585543
2585544
2586438
2586460
2586465
2587600
2587845
2588125
2588390
2588577
2589126
2589557
2589690
2589733
2589965
2590017
2590668
2591075
2592141
2592167
2592447
2594319
2594343
2595283
2595851
2598085
2598088
2598091
2598094
2599962
2599963
2600262
2602337
2602695
2604598
2605059
2607056
2607280
2607578
2607869
2607924
2607951
2607954
2609655
2610065
2610066
2610067
2610163
2610280
2611106
2611248
2613439
2613791
2614862
2614959
2615092
2615108
2615885
2615892
2616282
2617805
2617876
2617963
2620647
2621792
2621999
2623869
2624421
2627971
2628181
2629311
2630110
2630364
2630365
2630366
2631725
2631955
2631996
2632095
2632380
2632982
2633177
2634575
2634576
2634577
2634591
2634599
2634790
2636621
2637567
2638341
2639809
2642256
2642991
2642992
2643078
2643129
2645025
2645454
2646813
2646912
2647273
2647338
2649848
2649895
2652187
2654095
2655177
2655249
2657378
2657379
2657534
2657535
2657839
2658066
2659130
2659150
2660345
2660429
2660517
2661248
2661837
2663529
2664542
2664673
2667147
2667514
2667515
2667975
2667977
2667979
2668108
2668153
2668157
2669187
2670448
2671008
2672266
2672733
2673501
2674323
2674536
2674694
2674765
2675142
2675400
2675801
2677033
2677246
2677415
2677453
2677981
2679224
2680093
2680157
2681711
2682054
2682055
2682097
2682985
2683616
2683814
2685059
2685879
2687204
2689027
2689351
2689547
2689551
2690266
2691107
2691153
2691424
2691630
2691638
2692451
2692598
2692790
2693457
2695205
2695564
2696068
2696316
2696859
2697039
2698134
2698233
2698929
2700267
2700353
2700360
2700911
2702006
2702892
2703858
2704209
2704562
2704566
2704784
2704963
2704973
2706752
2706948
2706982
2707150
2707185
2707822
2708349
2708965
2709364
2710915
2711204
2711347
2711574
2712084
2713850
2714875
2714923
2715199
2715355
2715895
2715897
2715898
2715899
2715904
2715905
2715907
2716174
2717136
2717399
2717778
2717781
2717788
2717789
2717798
2717820
2717824
2717827
2717829
2717831
2717973
2718080
2718200
2718222
2718230
2718261
2718296
2718306
2719011
2719048
2719144
2719147
2720131
2720135
2720138
2720241
2720274
2720717
2720910
2720950
2722225
2724202
2725472
2725518
2725519
2725520
2725521
2725522
2725523
2725524
2725525
2725526
2725527
2725529
2725530
2725531
2725532
2725533
2725534
2726165
2726166
2726167
2726414
2727233
2728231
2728235
2728238
2728697
2729496
2729693
2730861
2731632
2732049
2732050
2732051
2732681
2732695
2732710
2733256
2733665
2733707
2733749
2734390
2734393
2734496
2734514
2735330
2735339
2735354
2736079
2737149
2737515
2738078
2738118
2738121
2738479
2739263
2740348
2740603
2741509
2741903
2742700
2742775
2742787
2742827
2743096
2743831
2744793
2745370
2745959
2745960
2746151
2746577
2746746
2746748
2746750
2746757
2746807
2747776
2748329
2748609
2748810
2748838
2748982
2749022
2749073
2749076
2749115
2749136
2749154
2749165
2749480
2749481
2749482
2749483
2749484
2749486
2749489
2749493
2749675
2749822
2749845
2750107
2750811
2751032
2751322
2751856
2751914
2752070
2752644
2753078
2753311
2754250
2755028
2755079
2755256
2755297
2756528
2756534
2756550
2757298
2757309
2757360
2761453
2761835
2761836
2761994
2762152
2763182
2763224
2763445
2763950
2764840
2765044
2766240
2766436
2766555
2766565
2767553
2767817
2768126
2768132
2768736
2768882
2769028
2769498
2769768
2770494
2772340
2772693
2772942
2772951
2772966
2772970
2772980
2773339
2773367
2773369
2773638
2773683
2773684
2774082
2774737
2775178
2776074
2776075
2777155
2777259
2777264
2777438
2777604
2777613
2777616
2777621
2777623
2777624
2777625
2777817
2778350
2778529
2778530
2778531
2778532
2778533
2778701
2778703
2779035
2779436
2779601
2779684
2779706
2780558
2780642
2780978
2780980
2781292
2781293
2781301
2781302
2781304
2781904
2781908
2781915
2781928
2781930
2781938
2781942
2781948
2781953
2781955
2782160
2782458
2782777
2782783
2782786
2782795
2782814
2782817
2782827
2782839
2782852
2782857
2782867
2783064
2783069
2783072
2783077
2783714
2783744
2783751
2784231
2785385
2785387
2785390
2785393
2785394
2785396
2785398
2785400
2785417
2785422
2785427
2785429
2785434
2785435
2785437
2785442
2785444
2785445
2785446
2785447
2785453
2785455
2785458
2785459
2785460
2785464
2785466
2785468
2785580
2785582
2785602
2785605
2785610
2785665
2785807
2787501
2787547
2787550
2787553
2787557
2787595
2788769
2788910
2790376
2790679
2790685
2790692
2790696
2790701
2790710
2790714
2790717
2790720
2790723
2790732
2790735
2790739
2790746
2790750
2790755
2790759
2791012
2791095
2791585
2791755
2791772
2791993
2792066
2792257
2793205
2793713
2793714
2793724
2793733
2794764
2795074
2795346
2795397
2795520
2795538
2795612
2795618
2795623
2795626
2795634
2795636
2795641
2795643
2795648
2795652
2795657
2795667
2795672
2795676
2795680
2795685
2795706
2796943
2796944
2797058
2797434
2800676
2802830
2804056
2804199
2804664
2804668
2804751
2804768
2804825
2805876
2808330
2808712
2810815
2810975
2811296
2814359
2815056
2815297
2816122
2816178
2816227
2816348
2816349
2816701
2818967
2819605
2820422
2821961
2822618
2822768
2826290
2826736
2826854
2826981
2827030
2827040
2827975
2828011
2828351
2829430
2829433
2830810
2832542
2834026
2835968
2839030
2839829
2840653
2841184
2841734
2843997
2844776
2845265
2845758
2846522
2847357
2847509
2848071
2848209
2848436
2848437
2848440
2848492
2848639
2848664
2848689
2848843
2849389
2849391
2849421
2852261
2858537
2859645
2860157
2860538
2861731
2863773
2864655
2865226
2865230
2865690
2867836
2868516
2872362
2872368
2876227
2882438
2883726
2885303
2886762
2886836
2886987
2888434
2888620
2888950
2888986
2890408
2891404
2894709
2894759
2896343
2896586
2897012
2897436
2897438
2898169
2898270
2898709
2899531
2900246
2903428
2903435
2906537
2906603
2906899
2907389
2906457
2906447
2906179
2905359
2902848
2901469
2901573
2885928
2883407
2883689
2878878
2878999
2877608
2877802
2875412
2876948
2874480
2869766
2869767
2869768
2869765
2869109
2868837
2868710
2868635
2867672
2907139
2907140
2906425
2905912
2905563
2904924
2904119
2904100
2865596
2865597
2865598
2865599
2865600
2865601
2865052
2864552
2863341
2858867
2857500
2854841
2854886
2851412
2844772
2841630
2832156
2836039
2826745
2824499
2823326
2823325
2821168
2821814
2820190
2819003
2810333
2806743
2805156
2803281
2803401
2801553
2800040
2800037
2798243
2795725
2795720
2795714
2797963
2791992
2789912
2787948
2787512
2786104
2784017
2784496
2783522
2783145
2782299
2781462
2771675
2768431
2766683
2765781
2765370
2763724
2762975
2761511
2760043
2755084
2755076
2755041
2754707
2754491
2754492
2754648
2754188
2749843
2748522
2747983
2741490
2738826
2735274
2728309
2729020
2726813
2725262
2725191
2722035
2720525
2716925
2715185
2716022
2716064
2714957
2706781
2708090
2704028
2698913
2693691
2692895
2686729
2686678
2685378
2680499
2667463
2660308
2654104
2654042
2644771
2643264
2636794
2626137
2622980
2622004
2619955
2619949
2614736
2613307
2612459
2611212
2596577
2595998
2595867
2588031
2586394
2585501
2579770
2579769
2574578
2575078
2574927
2572106
2571573
2571563
2571561
2564115
2558513
2558239
2550081
2550077
2549926
2547003
2544447
2544445
2541216
2541215
2542187
2540186
2540236
2536128
2534367
2533055
2529201
2528727
2526328
2520957
2519520
2519545
2518465
2516716
2505311
2503318
2501305
2501268
2494058
2496841
2497560
2485345
2485341
2485014
2485015
2485017
2484087
2479281
2473479
2473881
2468950
2468100
2465239
2465157
2454090
2449884
2441076
2441329
2436812
2435141
2435131
2417791
2416600
2408881
2923329
2921865
2923144
2917946
2915412
2912774
2910315
2908920
2918511
2912464
2918492
2918478
2921172
2921419
2922495
2923109
2923742
2924270
2924267
2924493
2926454
2926455
2926971
2926998
2927962
2931206
2931287
2933038
2932179
2934929
2936522
2937786
2936960
2937546
2937211
2937510
2938735
2939777
2941553
2941839
2941966
2941963
2942352
2943403
2945352
2946147
2943370
2946511
2946956
2947437
2948119
2948411
2949519
2950042
2950048
2950935
2951746
2953206
2953674
2954561
2956204
2956280
2957237
2956778
2982629
2982080
2982437
2981692
2981307
2977428
2975455
2973573
2972430
2971761
2966762
2965430
2965433
2965123
2964780
2963573
2963572
2963568
2962368
2962371
2962373
2960574
2956686
2986274
2986209
2988100
2988077
2983582
978410
761223
884390
422103
2993358
2991847
2993359
2993404
2534843
2392298
2393251
2394819
2392398
2398498
2382009
2381993
2385718
2377708
2319278
2362384
2371717
2374130
2342240
2364297
2355613
2324655
2348883
2343768
2344852
2351703
2366900
2362395
2343699
2363336
2354796
2325195
2363978
2370949
2322713
2275824
2276509
2285463
2259726
2286172
2257234
2239962
2296461
2266156
2263772
2257232
2275815
2183448
2234735
2266143
2187208
2257217
2236117
2203906
2212043
2257214
2296396
2239972
2293692
2257677
2227818
2211300
2275663
2188583
2075601
2091325
2090365
2051351
2079009
2000044
2092391
2085871
2050458
2173794
2013453
2019385
2019373
2039713
2090607
2163098
2091274
2135483
2148846
2143420
2000024
2160559
2163071
2021857
2143530
2104842
2116658
2099546
2176137
2113456
2091322
2090608
2080427
2077443
2924991
2925932
2926329
2931357
2934264
2936570
2945351
2946252
2959531
2961980
2963574
2964407
2964822
2968405
2968719
2983580
2985155
2988363
2991171
2999202
2999212
3001702
3005189
3005841
3010151
3011971
3015557
3022818
3026575
3029422
3030020
3031339
3031715
3032479
3035276
3035578
3036916
3038604
3039677
3039784
3039992
3040287
3039977
2970332
2980735
2914339
2934473
3016316
2976083
2946746
2982948
3031350
3030219
2960575
3023547
3032969
3031344
3040285
3005408
3038622
2960250
2977772
3041495
3028221
3014302
3040314
3031717
3036915
2931092
3009248
3039973
2937739
3034388
3031347
3031716
3008058
2991172
2959412
2918475
3035826
2942084
2924879
3040297
3010913
2918438
3034361
3016284
2916664
3038615
3040325
2992256
2959387
3037744
3036868
3040293
3017717
2908933
3008518
2914605
3034345
3040279
3032295
3010121
2962360
3035609
3035827
2998370
3032923
3033335
3014307
3000558
2926965
3034338
3019775
2929417
2956618
3033316
3009541
3001742
3031349
2975328
3033321
3040436
3007777
3040298
3034360
3035606
2996427
3011647
3033327
2962364
3039986
2952612
2994526
3038627
2977878
3010612
2908931
3032148
3031667
3031288
2953552
3033339
3031336
2924269
2945410
2913721
3037468
3036914
3041137
3016157
2970349
2965769
2942594
3036918
2910333
2944656
3028287
3038673
3032968
3032922
2980390
2928676
3035829
3033337
3033324
3035554
3040307
3039680
3001398
3038609
2943571
3008514
2922367
3040522
2948124
3036518
3035824
3004901
2990931
3035591
2923176
3032937
2910319
2991170
3035828
3041481
3033286
3041835
2945827
3036917
3040261
3034344
2958191
3040620
2977567
3040609
2993889
2998772
3033007
2996633
2941149
3004717
2976454
2941136
3032405
2965244
2938752
3014889
3035155
3004348
2991115
3029383
2950446
2959272
2972431
3023500
2934470
3011974
2995391
3044505
3015035
3014062
2962238
3045127
3015033
2944420
3042469
3004716
3033026
2951400
3010350
2951598
3037911
3009439
2950095
2982563
3024369
3016093
3011853
3031411
3040941
3028232
3016090
2994430
2962076
2954006
3037910
2991526
3001137
2992305
3033035
3016370
3026751
3005953
3016867
2938044
3045118
2983518
3017188
2994499
2936751
3014056
3013242
3045077
3025988
2973321
2938906
2949182
3014981
2971599
2950136
2973357
3033030
2951587
3009192
3004715
3018007
2989812
3004385
2959268
3014888
3009368
2938748
2946480
3017551
2955366
3043255
3022411
2983491
2991525
2991688
2950430
2972710
2951232
2938545
2943288
2950546
3042295
2940589
3012704
3031324
2942541
3033650
3016926
3030594
3042923
2974479
3027043
3004718
3019277
3042853
2936141
3016913
3000398
3027777
3042376
2952808
3023172
2974988
2949064
3023361
3001482
2999196
2957278
2961191
3042375
2970096
2943575
3031703
2964638
3009367
2984868
2934389
3033307
2950997
3004739
2973585
2957295
2934052
3026912
2947250
2950432
3030779
2977452
2942011
2998928
3028328
3040511
3033639
3005754
3006067
3000017
2955283
3014215
3026189
2931130
3006287
2985907
2972393
2996850
2999963
2927136
3007425
3045102
2998093
2970130
2988954
3014219
2932072
2993511
2978987
2941048
3014216
3006774
3004505
2971592
3040752
2944302
2990969
2983861
3009410
3043680
2948466
2980188
3006602
2993148
2941933
3011068
2949057
3012553
2948309
2959264
3034343
2953080
3018405
2969928
