3041835
3041835
3041835
3041495
3041495
3041495
3041481
3041481
3041481
3041137
3041137
3041137
3040620
3040620
3040620
3040609
3040609
3040609
3040522
3040522
3040522
3040436
3040436
3040436
3040325
3040325
3040325
3040314
3040314
3040314
3040307
3040307
3040298
3040298
3040297
3040297
3040293
3040293
3040287
3040287
3040285
3040285
3040279
3040279
3040261
3040261
3039992
3039992
3039986
3039986
3039977
3039977
3039973
3039973
3039680
3039680
3039677
3039677
3038673
3038673
3038627
3038627
3038627
3038622
3038622
3038622
3038615
3038615
3038615
3038609
3038609
3038609
3038604
3038604
3038604
3037744
3037744
3037744
3037468
3037468
3037468
3036918
3036918
3036918
3036917
3036917
3036917
3036916
3036916
3036916
3036915
3036915
3036914
3036914
3036868
3036868
3036518
3036518
3035829
3035829
3035828
3035828
3035827
3035827
3035826
3035826
3035824
3035824
3035609
3035609
3035606
3035606
3035591
3035591
3035578
3035578
3035554
3035554
3035276
3035276
3034388
3034388
3034388
3034361
3034361
3034361
3034360
3034360
3034360
3034345
3034345
3034345
3034344
3034344
3034344
3034338
3034338
3034338
3033339
3033339
3033339
3033337
3033337
3033337
3033335
3033335
3033335
3033327
3033327
3033327
3033324
3033324
3033321
3033321
3033316
3033316
3033286
3033286
3032969
3032969
3032968
3032968
3032937
3032937
3032923
3032923
3032922
3032922
3032479
3032479
3032295
3032295
3032148
3032148
3031717
3031717
3031716
3031716
3031715
3031715
3031715
3031667
3031667
3031667
3031350
3031350
3031350
3031349
3031349
3031349
3031347
3031347
3031347
3031344
3031344
3031344
3031339
3031339
3031339
3031336
3031336
3031336
3031288
3031288
3031288
3030219
3030219
3030219
3028287
3028287
3028221
3028221
3026575
3026575
3023547
3023547
3019775
3019775
3017717
3017717
3016316
3016316
3016284
3016284
3016157
3016157
3014307
3014307
3014302
3014302
3011647
3011647
3010913
3010913
3010612
3010612
3010612
3010151
3010151
3010151
3010121
3010121
3010121
3009541
3009541
3009541
3009248
3009248
3009248
3008518
3008518
3008518
3008514
3008514
3008514
3008058
3008058
3008058
3007777
3007777
3007777
3005841
3005841
3005841
3005408
3005408
3005189
3005189
3004901
3004901
3001742
3001742
3001398
3001398
3000558
3000558
2999212
2999212
2999202
2999202
2998370
2998370
2996427
2996427
2994526
2994526
2993359
2993359
2992256
2992256
2992256
2991172
2991172
2991172
2991171
2991171
2991171
2991170
2991170
2991170
2990931
2990931
2990931
2988363
2988363
2988363
2988100
2988100
2988100
2985155
2985155
2985155
2983582
2983582
2983582
2982948
2982948
2982948
2982629
2982629
2981307
2981307
2980735
2980735
2980390
2980390
2977878
2977878
2977772
2977772
2977567
2977567
2976083
2976083
2975455
2975455
2975328
2975328
2972430
2972430
2971761
2971761
2970349
2970349
2970332
2970332
2968719
2968719
2968719
2966762
2966762
2966762
2965769
2965769
2965769
2965433
2965433
2965433
2965430
2965430
2965430
2964822
2964822
2964822
2964780
2964780
2964780
2963568
2963568
2963568
2962364
2962364
2962364
2962360
2962360
2962360
2960575
2960575
2960574
2960574
2960250
2960250
2959531
2959531
2959412
2959412
2959387
2959387
2958191
2958191
2957237
2957237
2956618
2956618
2956280
2956280
2953552
2953552
2952612
2952612
2950935
2950935
2950042
2950042
2948124
2948124
2948119
2948119
2948119
2947437
2947437
2947437
2946746
2946746
2946746
2946511
2946511
2946511
2946252
2946252
2946252
2946147
2946147
2946147
2945827
2945827
2945827
2945410
2945410
2945410
2944656
2944656
2944656
2943571
2943571
2943571
2943370
2943370
2942594
2942594
2942084
2942084
2941966
2941966
2941963
2941963
2937739
2937739
2936960
2936960
2936570
2936570
2936522
2936522
2934929
2934929
2934473
2934473
2931357
2931357
2931092
2931092
2929417
2929417
2929417
2928676
2928676
2928676
2926971
2926971
2926971
2926965
2926965
2926965
2926455
2926455
2926455
2926454
2926454
2926454
2924879
2924879
2924879
2924493
2924493
2924493
2924270
2924270
2924270
2924269
2924269
2924269
2923176
2923176
2923109
2923109
2922367
2922367
2921172
2921172
2918511
2918511
2918492
2918492
2918478
2918478
2918475
2918475
2918438
2918438
2916664
2916664
2915412
2915412
2914605
2914605
2914339
2914339
2913721
2913721
2910333
2910333
2910319
2910319
2910319
2908933
2908933
2908933
2908931
2908931
2908931

3045127
3045127
3045127
3045118
3045118
3045118
3045102
3045102
3045102
3045077
3045077
3045077
3044505
3044505
3044505
3043680
3043680
3043680
3043255
3043255
3043255
3042923
3042923
3042923
3042853
3042853
3042853
3042469
3042469
3042469
3042376
3042376
3042375
3042375
3042295
3042295
3041835
3041835
3041495
3041495
3041481
3041481
3041137
3041137
3040941
3040941
3040752
3040752
3040620
3040620
3040609
3040609
3040522
3040522
3040511
3040511
3040436
3040436
3040325
3040325
3040325
3040314
3040314
3040314
3040307
3040307
3040307
3040298
3040298
3040298
3040297
3040297
3040297
3040293
3040293
3040293
3040287
3040287
3040287
3040285
3040285
3040285
3040279
3040279
3040279
3040261
3040261
3040261
3039992
3039992
3039986
3039986
3039977
3039977
3039973
3039973
3039784
3039784
3039680
3039680
3039677
3039677
3038673
3038673
3038627
3038627
3038622
3038622
3038615
3038615
3038609
3038609
3038604
3038604
3037911
3037911
3037910
3037910
3037910
3037744
3037744
3037744
3037468
3037468
3037468
3036918
3036918
3036918
3036917
3036917
3036917
3036916
3036916
3036916
3036915
3036915
3036915
3036914
3036914
3036914
3036868
3036868
3036868
3036518
3036518
3036518
3035829
3035829
3035828
3035828
3035827
3035827
3035826
3035826
3035824
3035824
3035609
3035609
3035606
3035606
3035591
3035591
3035578
3035578
3035554
3035554
3035276
3035276
3035155
3035155
3034388
3034388
3034361
3034361
3034360
3034360
3034345
3034345
3034345
3034344
3034344
3034344
3034343
3034343
3034343
3034338
3034338
3034338
3033650
3033650
3033650
3033639
3033639
3033639
3033339
3033339
3033339
3033337
3033337
3033337
3033335
3033335
3033335
3033327
3033327
3033327
3033324
3033324
3033321
3033321
3033316
3033316
3033307
3033307
3033286
3033286
3033035
3033035
3033030
3033030
3033026
3033026
3033007
3033007
3032969
3032969
3032968
3032968
3032937
3032937
3032923
3032923
3032922
3032922
3032479
3032479
3032405
3032405
3032405
3032295
3032295
3032295
3032148
3032148
3032148
3031717
3031717
3031717
3031716
3031716
3031716
3031715
3031715
3031715
3031703
3031703
3031703
3031667
3031667
3031667
3031411
3031411
3031411
3031350
3031350
3031349
3031349
3031347
3031347
3031344
3031344
3031339
3031339
3031336
3031336
3031324
3031324
3031288
3031288
3030779
3030779
3030594
3030594
3030219
3030219
3030020
3030020
3029422
3029422
3029383
3029383
3028328
3028328
3028328
3028287
3028287
3028287
3028232
3028232
3028232
3028221
3028221
3028221
3027777
3027777
3027777
3027043
3027043
3027043
3026912
3026912
3026912
3026751
3026751
3026751
3026575
3026575
3026189
3026189
3025988
3025988
3024369
3024369
3023547
3023547
3023500
3023500
3023361
3023361
3023172
3023172
3022818
3022818
3022411
3022411
3019775
3019775
3019277
3019277
3018405
3018405
3018007
3018007
3018007
3017717
3017717
3017717
3017551
3017551
3017551
3017188
3017188
3017188
3016926
3016926
3016926
3016913
3016913
3016913
3016867
3016867
3016867
3016370
3016370
3016370
3016316
3016316
3016316
3016284
3016284
3016284
3016157
3016157
3016093
3016093
3016090
3016090
3015557
3015557
3015035
3015035
3015033
3015033
3014981
3014981
3014889
3014889
3014888
3014888
3014307
3014307
3014302
3014302
3014219
3014219
3014216
3014216
3014215
3014215
3014062
3014062
3014062
3014056
3014056
3014056
3013242
3013242
3013242
3012704
3012704
3012704
3012553
3012553
3012553
3011974
3011974
3011974
3011971
3011971
3011971
3011853
3011853
3011853
3011647
3011647
3011647
3011068
3011068
3011068
3010913
3010913
3010612
3010612
3010350
3010350
3010151
3010151
3010121
3010121
3009541
3009541
3009439
3009439
3009410
3009410
3009368
3009368
3009367
3009367
3009248
3009248
3009192
3009192
3008518
3008518
3008514
3008514
3008058
3008058
3008058
3007777
3007777
3007777
3007425
3007425
3007425
3006774
3006774
3006774
3006602
3006602
3006602
3006287
3006287
3006287
3006067
3006067
3006067
3005953
3005953
3005953
3005841
3005841
3005841
3005754
3005754
3005754
3005408
3005408
3005189
3005189
3004901
3004901
3004739
3004739
3004718
3004718
3004717
3004717
3004716
3004716
3004715
3004715
3004505
3004505
3004385
3004385
3004348
3004348
3001742
3001742
3001702
3001702
3001482
3001482
3001398
3001398
3001137
3001137
3001137
3000558
3000558
3000558
3000398
3000398
3000398
3000017
3000017
3000017
2999963
2999963
2999963
2999212
2999212
2999212
2999202
2999202
2999202
2999196
2999196
2999196
2998928
2998928
2998928
2998772
2998772
2998772
2998370
2998370
2998093
2998093
2996850
2996850
2996633
2996633
2996427
2996427
2995391
2995391
2994526
2994526
2994499
2994499
2994430
2994430
2993889
2993889
2993511
2993511
2993404
2993404
2993359
2993359
2993359
2993358
2993358
2993358
2993148
2993148
2993148
2992305
2992305
2992305
2992256
2992256
2992256
2991847
2991847
2991847
2991688
2991688
2991688
2991526
2991526
2991526
2991525
2991525
2991525
2991172
2991172
2991172
2991171
2991171
2991170
2991170
2991115
2991115
2990969
2990969
2990931
2990931
2989812
2989812
2988954
2988954
2988363
2988363
2988100
2988100
2988077
2988077
2986274
2986274
2986209
2986209
2985907
2985907
2985155
2985155
2984868
2984868
2983861
2983861
2983861
2983582
2983582
2983582
2983580
2983580
2983580
2983518
2983518
2983518
2983491
2983491
2983491
2982948
2982948
2982948
2982629
2982629
2982629
2982563
2982563
2982563
2982437
2982437
2982437
2982080
2982080
2982080
2981692
2981692
2981307
2981307
2980735
2980735
2980390
2980390
2980188
2980188
2978987
2978987
2977878
2977878
2977772
2977772
2977567
2977567
2977452
2977452
2976454
2976454
2976083
2976083
2975455
2975455
2975328
2975328
2974988
2974988
2974988
2974479
2974479
2974479
2973585
2973585
2973585
2973573
2973573
2973573
2973357
2973357
2973357
2973321
2973321
2973321
2972710
2972710
2972710
2972431
2972431
2972431
2972430
2972430
2972430
2972393
2972393
2972393
2971761
2971761
2971599
2971599
2971592
2971592
2970349
2970349
2970332
2970332
2970130
2970130
2970096
2970096
2969928
2969928
2968719
2968719
2968405
2968405
2966762
2966762
2965769
2965769
2965769
2965433
2965433
2965433
2965430
2965430
2965430
2965244
2965244
2965244
2965123
2965123
2965123
2964822
2964822
2964822
2964780
2964780
2964780
2964638
2964638
2964638
2964407
2964407
2964407
2963574
2963574
2963574
2963573
2963573
2963572
2963572
2963568
2963568
2962373
2962373
2962371
2962371
2962368
2962368
2962364
2962364
2962360
2962360
2962238
2962238
2962076
2962076
2961980
2961980
2961191
2961191
2960575
2960575
2960574
2960574
2960250
2960250
2959531
2959531
2959531
2959412
2959412
2959412
2959387
2959387
2959387
2959272
2959272
2959272
2959268
2959268
2959268
2959264
2959264
2959264
2958191
2958191
2958191
2957295
2957295
2957295
2957278
2957278
2957278
2957237
2957237
2957237
2956686
2956686
2956618
2956618
2956280
2956280
2956204
2956204
2955366
2955366
2955283
2955283
2954561
2954561
2954006
2954006
2953674
2953674
2953552
2953552
2953206
2953206
2953080
2953080
2952808
2952808
2952612
2952612
2951598
2951598
2951598
2951587
2951587
2951587
2951400
2951400
2951400
2951232
2951232
2951232
2950997
2950997
2950997
2950935
2950935
2950935
2950546
2950546
2950546
2950446
2950446
2950446
2950432
2950432
2950432
2950430
2950430
2950136
2950136
2950095
2950095
2950048
2950048
2950042
2950042
2949182
2949182
2949064
2949064
2949057
2949057
2948466
2948466
2948309
2948309
2948124
2948124
2948119
2948119
2947437
2947437
2947437
2947250
2947250
2947250
2946956
2946956
2946956
2946746
2946746
2946746
2946511
2946511
2946511
2946480
2946480
2946480
2946252
2946252
2946252
2946147
2946147
2946147
2945827
2945827
2945827
2945410
2945410
2945410
2945352
2945352
2945351
2945351
2944656
2944656
2944420
2944420
2944302
2944302
2943575
2943575
2943571
2943571
2943403
2943403
2943370
2943370
2943288
2943288
2942594
2942594
2942541
2942541
2942352
2942352
2942084
2942084
2942011
2942011
2941966
2941966
2941963
2941963
2941933
2941933
2941839
2941839
2941553
2941553
2941149
2941149
2941136
2941136
2941048
2941048
2940589
2940589
2939777
2939777
2938906
2938906
2938752
2938752
2938748
2938748
2938735
2938735
2938545
2938545
2938044
2938044
2937786
2937786
2937739
2937739
2937546
2937546
2937510
2937510
2937211
2937211
2936960
2936960
2936751
2936751
2936751
2936570
2936570
2936570
2936522
2936522
2936522
2936141
2936141
2936141
2934929
2934929
2934929
2934473
2934473
2934473
2934470
2934470
2934470
2934389
2934389
2934389
2934264
2934264
2934264
2934052
2934052
2933038
2933038
2932072
2932072
2931357
2931357
2931206
2931206
2931130
2931130
2931092
2931092
2929417
2929417
2928676
2928676
2927136
2927136
2926998
2926998
3045127
3045127
3045127
3045118
3045118
3045118
3045102
3045102
3045102
3045077
3045077
3045077
3044505
3044505
3044505
3043680
3043680
3043680
3043255
3043255
3043255
3042923
3042923
3042923
3042853
3042853
3042853
3042469
3042469
3042469
3042376
3042376
3042375
3042375
3042295
3042295
3041835
3041835
3041495
3041495
3041481
3041481
3041137
3041137
3040941
3040941
3040752
3040752
3040620
3040620
3040609
3040609
3040522
3040522
3040511
3040511
3040436
3040436
3040325
3040325
3040325
3040314
3040314
3040314
3040307
3040307
3040307
3040298
3040298
3040298
3040297
3040297
3040297
3040293
3040293
3040293
3040287
3040287
3040287
3040285
3040285
3040285
3040279
3040279
3040279
3040261
3040261
3040261
3039992
3039992
3039986
3039986
3039977
3039977
3039973
3039973
3039784
3039784
3039680
3039680
3039677
3039677
3038673
3038673
3038627
3038627
3038622
3038622
3038615
3038615
3038609
3038609
3038604
3038604
3037911
3037911
3037910
3037910
3037910
3037744
3037744
3037744
3037468
3037468
3037468
3036918
3036918
3036918
3036917
3036917
3036917
3036916
3036916
3036916
3036915
3036915
3036915
3036914
3036914
3036914
3036868
3036868
3036868
3036518
3036518
3036518
3035829
3035829
3035828
3035828
3035827
3035827
3035826
3035826
3035824
3035824
3035609
3035609
3035606
3035606
3035591
3035591
3035578
3035578
3035554
3035554
3035276
3035276
3035155
3035155
3034388
3034388
3034361
3034361
3034360
3034360
3034345
3034345
3034345
3034344
3034344
3034344
3034343
3034343
3034343
3034338
3034338
3034338
3033650
3033650
3033650
3033639
3033639
3033639
3033339
3033339
3033339
3033337
3033337
3033337
3033335
3033335
3033335
3033327
3033327
3033327
3033324
3033324
3033321
3033321
3033316
3033316
3033307
3033307
3033286
3033286
3033035
3033035
3033030
3033030
3033026
3033026
3033007
3033007
3032969
3032969
3032968
3032968
3032937
3032937
3032923
3032923
3032922
3032922
3032479
3032479
