2993889
2998772
3033007
2996633
2941149
3004717
2976454
2941136
3032405
2965244
2938752
3014889
3035155
3004348
2991115
3029383
2950446
2959272
2972431
3023500
2934470
3011974
2995391
3044505
3015035
3014062
2962238
3045127
3015033
2944420
3042469
3004716
3033026
2951400
3010350
2951598
3037911
3009439
2950095
2982563
3024369
3016093
3011853
3031411
3040941
3028232
3016090
2994430
2962076
2954006
3037910
3001137
2991526
2992305
3033035
3016370
3026751
3005953
3016867
2938044
3045118
2983518
3017188
2994499
2936751
3014056
3013242
3045077
3025988
2973321
2938906
2949182
3014981
2971599
2950136
2973357
3033030
2951587
3009192
3004715
3018007
2989812
3004385
2959268
3014888
3009368
2938748
2946480
3017551
2955366
3043255
3022411
2983491
2991525
2991688
2950430
2972710
2951232
2938545
2943288
2950546
3042295
2940589
3012704
3031324
2942541
3033650
3016926
3030594
3042923
2974479
3027043
3004718
3019277
3042853
2936141
3016913
3000398
3027777
3042376
2952808
3023172
2974988
2949064
3023361
3001482
2999196
2957278
2961191
3042375
2970096
2943575
3031703
2964638
3009367
2984868
2934389
3033307
2950997
3004739
2973585
2957295
2934052
3026912
2947250
2950432
3030779
2977452
2942011
2998928
3028328
3040511
3033639
3005754
3006067
3000017
2955283
3014215
3026189
2931130
3006287
2985907
2972393
2996850
2999963
2927136
3007425
3045102
2998093
2970130
2988954
3014219
2932072
2993511
2978987
2941048
3014216
3006774
3004505
2971592
3040752
2944302
2990969
2983861
3009410
3043680
2948466
2980188
3006602
2993148
2941933
3011068
2949057
3012553
2948309
2959264
3034343
2953080
3018405
2969928
