3033007
3004717
3032405
3014889
2991115
2959272
2934470
3044505
2962238
2944420
3033026
2951598
2950095
3016093
3040941
2994430
3037910
2992305
3026751
2938044
3017188
3014056
3025988
2949182
2950136
2951587
3018007
2959268
2938748
2955366
2983491
2950430
2938545
3042295
3031324
3016926
2974479
3019277
3016913
3042376
2974988
3001482
2961191
2943575
3009367
3033307
2973585
3026912
3030779
2998928
3033639
3000017
3026189
2985907
2999963
3045102
2988954
2993511
3014216
2971592
2990969
3043680
3006602
3011068
2948309
2953080
