2998772
2941149
2941136
2938752
3004348
2950446
3023500
2995391
3014062
3015033
3004716
3010350
3009439
3024369
3031411
3016090
2954006
2991526
3016370
3016867
2983518
2936751
3045077
2938906
2971599
3033030
3004715
3004385
3009368
3017551
3022411
2991688
2951232
2950546
3012704
3033650
3042923
3004718
2936141
3027777
3023172
3023361
2957278
2970096
2964638
2934389
3004739
2934052
2950432
2942011
3040511
3006067
3014215
3006287
2996850
3007425
2970130
2932072
2941048
3004505
2944302
3009410
2980188
2941933
3012553
3034343
2969928
