2993889
2996633
2976454
2965244
3035155
3029383
2972431
3011974
3015035
3045127
3042469
2951400
3037911
2982563
3011853
3028232
2962076
3001137
3033035
3005953
3045118
2994499
3013242
2973321
3014981
2973357
3009192
2989812
3014888
2946480
3043255
2991525
2972710
2943288
2940589
2942541
3030594
3027043
3042853
3000398
2952808
2949064
2999196
3042375
3031703
2984868
2950997
2957295
2947250
2977452
3028328
3005754
2955283
2931130
2972393
2927136
2998093
3014219
2978987
3006774
3040752
2983861
2948466
2993148
2949057
2959264
3018405
2969928
